44
27
28
22
20
21
20
19
16
14
12
10
11
12
11
16
21
15
22
14
14
12
12
12
12
12
12
12
12
11
11
10
10
12
12
11
11
21
24
16
15
15
12
11
11
11
11
11
11
11
12
12
11
11
12
11
13
11
10
13
22
19
13
24
12
12
11
11
11
11
11
11
12
11
11
10
11
11
10
10
11
19
22
14
20
12
11
11
10
10
11
10
11
12
10
10
10
10
10
10
11
11
11
10
10
10
10
10
10
26
18
13
20
12
12
11
11
11
10
10
11
11
10
9
10
10
10
11
9
11
9
11
10
10
11
10
10
10
10
10
9
11
10
10
9
11
15
33
12
9
10
10
10
9
10
10
9
10
9
9
10
11
11
10
10
9
9
9
11
10
10
11
9
13
10
9
9
10
9
12
10
10
12
9
9
10
10
12
12
9
12
9
12
9
11
12
12
11
11
9
10
13
11
10
10
10
12
10
12
12
11
11
9
12
11
12
9
10
10
10
13
10
14
9
10
9
10
10
10
11
11
11
11
10
10
10
12
10
11
10
10
11
11
9
10
9
10
10
10
12
9
11
9
10
10
10
10
10
11
9
10
10
13
10
10
12
10
11
11
11
10
10
10
12
11
11
9
12
10
9
10
9
12
11
10
10
10
10
11
9
10
10
11
11
9
11
10
11
12
10
10
9
10
12
12
10
10
11
10
11
11
10
12
10
12
10
11
10
14
12
10
11
10
12
12
10
10
10
11
12
11
11
13
12
11
12
11
11
11
11
10
12
11
11
12
10
12
12
11
10
11
10
11
11
11
12
10
13
10
10
10
11
11
12
12
10
12
10
11
12
11
11
11
11
12
11
12
10
10
11
10
10
12
11
12
11
11
11
12
10
11
10
11
11
11
11
12
10
13
11
11
12
11
10
11
12
10
12
12
11
11
10
12
11
11
11
13
11
11
11
11
11
11
11
11
12
10
11
12
11
11
10
12
11
11
11
10
10
10
11
9
11
12
11
10
11
11
10
10
10
10
10
10
11
11
11
11
10
10
10
11
11
11
12
11
12
12
11
11
12
11
11
11
11
12
11
12
11
11
11
11
11
12
11
12
12
12
12
12
12
12
11
11
12
12
11
12
11
11
12
12
11
12
11
11
11
11
12
12
11
11
13
11
12
12
11
11
12
12
11
12
12
11
12
11
12
12
11
10
11
12
10
10
13
12
10
11
11
10
12
10
12
10
11
11
10
13
12
10
11
11
12
11
10
13
12
11
10
10
9
11
10
11
10
11
12
11
11
12
10
11
10
11
11
11
11
11
10
11
12
12
11
10
11
10
11
12
10
12
11
11
13
13
12
12
12
11
11
12
11
13
11
11
10
12
12
12
12
12
12
11
11
11
10
13
12
10
10
12
11
11
11
11
11
11
12
12
11
12
11
12
11
11
12
11
11
12
11
11
11
11
12
11
10
10
11
11
12
11
10
12
11
10
10
11
11
10
11
10
10
11
11
10
11
11
11
11
11
11
10
11
11
11
11
11
11
11
11
11
10
11
11
11
11
12
10
12
10
11
10
12
10
10
12
11
12
11
10
11
12
10
11
10
12
12
10
11
10
12
11
11
10
11
12
11
12
11
11
12
12
12
12
12
11
12
12
10
10
11
11
10
11
10
13
11
11
11
12
11
11
10
13
13
12
11
11
11
11
11
12
11
12
11
10
12
11
10
13
11
11
10
12
10
11
11
12
11
12
10
12
11
12
12
12
12
11
12
12
12
10
12
11
10
11
10
12
10
11
11
11
11
11
12
11
12
11
12
11
12
11
12
10
12
11
11
12
11
12
11
11
10
12
11
12
12
12
11
11
12
11
12
11
11
11
12
11
12
11
11
20
16
15
14
17
14
14
13
11
11
11
12
12
11
12
12
11
11
11
10
11
12
12
11
10
11
11
10
10
12
11
11
11
10
11
10
11
10
10
11
10
12
11
11
11
11
10
12
10
11
11
11
10
11
11
10
11
10
12
11
11
11
12
12
11
12
11
11
12
11
11
11
